[EqpStat]
iSSTGStep=0
dTOOLVisnHeight=0
dSubstrateHeight=-5.98
dSstgFtX=-0.004
dSstgLtY=-1.0332
dSstgRtY=-0.862
bNeedCheckPckr=False
dDieVisnPosOfsX=-0.000634161920288534
dDieVisnPosOfsY=0.00197460627578394
sWSTGBarcode=20180621-181W64-10
sSSTGBarcode=16AA31-14
