[EqpStat]
dLastIDXRPos=25.9965405273438
dLastIDXFPos=25.9965405273438
bMaint=False
sMaterialNo=1
sEmployeeID=1
sLotNo=1
sTargetBin=1
iLDRSplyCnt=1
dInspTime=4.3152468
dTrayWorkTime=57.4712896
dTrayUPH=3758.39834991279
iBrcdRemoveCnt=11
sTrayLabel=0015110851021008879110999
sTraySttTime=12:28:46
bWrapingEnd=False
sLotSttTime=14:00:43
sPrintedBarcode=0000999
iWorkBundle=0
