[EqpStat]
bMaint=False
bOutGuideToRear=False
iWorkStep=0
iWorkCount=0
dWorkTime=70.757046875
dUPH=50.8783246191689
dCutTime=0.74304248046875
